0: 8 11
1: 39 64 | 110 44
2: 124 110 | 88 39
3: 39 5 | 110 100
4: 39 74 | 110 44
5: 109 110 | 117 39
6: 12 39 | 128 110
7: 101 39 | 13 110
8: 42
9: 24 110 | 89 39
10: 39 39 | 110 82
11: 42 31
12: 74 39
13: 66 110 | 117 39
14: 104 39 | 59 110
15: 39 3 | 110 93
16: 110 28 | 39 44
17: 110 127 | 39 15
18: 129 39 | 37 110
19: 25 110 | 6 39
20: 110 72 | 39 87
21: 84 110 | 120 39
22: 91 39 | 50 110
23: 39 121 | 110 9
24: 39 110 | 110 110
25: 110 95 | 39 123
26: 78 110 | 77 39
27: 110 1 | 39 86
28: 110 110 | 39 39
29: 79 39 | 52 110
30: 39 24 | 110 80
31: 68 110 | 94 39
32: 26 39 | 62 110
33: 18 39 | 54 110
34: 110 35 | 39 46
35: 64 39 | 109 110
36: 39 71 | 110 81
37: 74 110
38: 39 114 | 110 70
39: "a"
40: 39 101 | 110 4
41: 99 110 | 72 39
42: 45 39 | 125 110
43: 55 110 | 126 39
44: 110 110
45: 17 39 | 92 110
46: 110 64 | 39 66
47: 51 39 | 7 110
48: 39 95 | 110 61
49: 90 110 | 69 39
50: 39 108 | 110 99
51: 110 30 | 39 78
52: 110 69 | 39 115
53: 69 39 | 28 110
54: 39 84 | 110 122
55: 66 82
56: 39 28 | 110 10
57: 39 21 | 110 2
58: 23 110 | 48 39
59: 110 44
60: 39 83 | 110 58
61: 39 80 | 110 117
62: 39 102 | 110 116
63: 110 40 | 39 67
64: 82 39 | 39 110
65: 24 110 | 69 39
66: 39 110 | 110 82
67: 39 114 | 110 101
68: 110 118 | 39 60
69: 82 110 | 39 39
70: 80 110
71: 110 123 | 39 113
72: 39 115 | 110 117
73: 110 29 | 39 106
74: 110 39
75: 110 39 | 39 110
76: 98 110 | 41 39
77: 110 90 | 39 44
78: 110 90 | 39 28
79: 39 117 | 110 24
80: 39 39
81: 84 110 | 97 39
82: 39 | 110
83: 27 110 | 119 39
84: 82 90
85: 34 110 | 111 39
86: 39 69 | 110 109
87: 74 39 | 64 110
88: 39 44
89: 110 110 | 110 39
90: 110 39 | 39 39
91: 52 39 | 65 110
92: 39 19 | 110 57
93: 39 53 | 110 77
94: 39 103 | 110 105
95: 110 109 | 39 115
96: 39 73 | 110 22
97: 117 39 | 10 110
98: 130 39 | 88 110
99: 115 39 | 90 110
100: 110 69 | 39 117
101: 109 39 | 28 110
102: 44 39 | 74 110
103: 110 36 | 39 33
104: 28 110 | 44 39
105: 39 63 | 110 107
106: 39 77 | 110 49
107: 39 38 | 110 20
108: 115 110 | 44 39
109: 82 82
110: "b"
111: 65 39 | 56 110
112: 39 32 | 110 85
113: 75 110 | 44 39
114: 10 110 | 69 39
115: 39 110
116: 39 80 | 110 90
117: 39 110 | 39 39
118: 76 110 | 47 39
119: 39 97 | 110 16
120: 44 39 | 66 110
121: 66 110 | 89 39
122: 90 39 | 64 110
123: 110 44 | 39 109
124: 69 39 | 66 110
125: 96 39 | 112 110
126: 39 66 | 110 90
127: 39 14 | 110 43
128: 110 115 | 39 89
129: 110 24 | 39 89
130: 110 44 | 39 80